 17
1193 1920 1920 1972  680 1996 1995 2017 2005 2022  720 1308 1965 1996 2193 1962 2193 

 25
1207 1586 1962 1920 1580 1950  689 2040 1927 1965 1971  727 1965 2005 2210 1920 1962 1971  794 1567 2198 2191 1972 2213 2017 

 33
1207 1586 1962 1920 1580 1950  689 1610 2017 2022 1620 1657 1972  740 1320 2191 1965 2047 1965 2005  809 2040 2244  823 1402 2002 2235 2236  866 1579 2198 2269 2193 

 16
1275 1560 2017 1632  680 1586 2002 2005 1613 1632 1965  727 1542 1537 1542 1542 

 19
1193 1586 1610 1610 1945 1613  689 1334 1639 1619 2017 1972  739 1327 1662 2191 1945 2184 2210 

 28
1320 1971 1962 1632 1945 1632  689 2040 1927 1965 1971  727 1662 1965 1662 2022 1972 1971  794 2236 2017 2002  816 2288 2236 2269 2235 2047 

 16
1275 1920 1962 1920 1580 1950 1619 2184  713 1327 1620 1996 1920 1971 2017 1971 

 14
1200 1560 1657 1662  680 1962 1632  694 1282 1945 1971 2047 1927 2047 

 37
1200 1560 1971  668 1285 1586 1962  694 1613 1972 1657  727 1353 1971 2193 2198 2017 1971  794 1327 2198 2288  816 2022 2191 2236 2198 2288 2210  869 2047 2286 2210 1156 2281 2320 2235 

167
1276 1589 1610 1632 1589 1657 1589 1950 1962 2193  816  727 1567 2017 2184 2005 1962  772 1613 1962 2235  814 1405 1537  840 2005 2047 2193 2022 2269  891 2362 2243 2235 2313 1181 1945 2235 2570 2313 1224 1920 2295 2415 2373 2288 2408 2625 1282 2395 2570 2630 2340 2373 2396 2396 1353 2244 2630 2622 2415 2655 2579 1405 2630 2677 1560 2362 2630 2982 3033 2667 2982 2655 2677 3053 1632 2040 2236 2193 2244 1927 2965 3084 3008 1965 3161 3060 3053 1996 2570 3181 3084 3166 3084 3135 2184 3090 3466 3135 2210 2648 3488 3187 3488 3475 3564 3476 2281 3469 3476 3475 3563 3475 3747 3521 3521 2340 3823 3521 3803 2373 3551 3728 3564 3770 3816 3857 1962  645 1231 1610 1971 1945 1589 1965 2191  718 1620 2040  739 1657  762 2191 1965 2210 2236 2047 2243  814 2213 2022  840 2286 2193 2017 2313  869 2236 2286 2362 2193 2340 2281 2327 2327 1320 

165
1178 1971 1971  668 1995 1639 1620  694 2047 1619 2017 2040  739 1662 1950 1971 1996 2047 2184 2017 2193 2017 2244  823 2005 2002 2236 2184  866 2244 2286 2286 2236 1156 2210 2243 2266 2339 2370 2281 1224 2415 2320 2339 2422 1253 2365 2415 2617 2320 2599 2408 2580 2580 1579 1334 2295 2625 2667 2622 2570 1380 2340 2570 2962 1542 2269 2281 1579 3050 2622 3033 1610 3053 2962 2955 1632 3053 3083 3059 2977 3128 2982 3135 1962 3105 3050 1972 3015 1996 3128 3161 3466 2022 3181 3110 2184 3495 3161 3178 3475 3178 3526 2236 3166 3521 3518 3488 3544 3488 2288 3735 3573 3521 3518 3773 3563 3544 3778 2365 3726 3773 2395 3748 3855 3848 3857 2422 1962 1613 1589  668 2005 1972 1965 1965 1662  718 2191 1632 2213  740 1662 2198  771 2005 2236 2235 2243  814 2266 2047 2022  847 2318 2286 2269 2269 2213  892 2339 2266 2295 2243 1307 

254
1156 1639 1657  668 1995 1639 1620  694 1971 1619 2040 1962 2005 2005 2191  765 1965 2244 2193 1995 2235 2040 2005 2213 2005 2040 2040  854 2193 2235 2281 2184 2288 2210 2269 2210 2313 1198 2395 2373 2365 2417 2281 2365 2318 2570 1275 2340 2422 2415 2417 2579 2655 2417 2592 2417 1353 2313 2630 2668 2625 2573 1402 2362 2573 2965 1560 2281 1945 1580 2395 2677 2668 1613 2295 3083 3059 3050 3059 2977 2956 3060 1945 3084 2982 3143 3060 3128 3128 3178 2002 2198 3084 3466 3187 3105 3093 3161 3093 3188 3466 3570 2235 2674 3181 3551 3518 3178 3544 3770 2395 2295 3773 3544 3770 3551 2339 3781 3570 3563 2370 3848 3551 3823 2408 3726 3735 3726 1962  645 1619 1579 1945 1632 1662 1965 1662  718 1996 2191 1927 2047  762 1995 2210 2210  794 2005 1996 1971 2002 1155  840 2313 2047 2286 2191  869 2288 2318 2191 2210 2362 2281 2236 2235 2320 2327 2573 1231 2288 2313 2422 2573 2365 2580 2599 2599 2365 1542 1320 2243 2579 2617 2677 2599 2965 1589 1379 2579 2422 2579 2625 1542 2677 2592 2625 2648 1586 2625 3000 1613 2677 2674 3038 3038 3053 3050 3015 2977 1945 3110 3015 3008 3110 3181 3053 3166 3476 2005 3128 3475 3469 3476 2184 3161 3466 2198 3521 3187 3476 3178 2243 3188 3526 3564 2281 3726 3513 3488 2313 3778 3726 3748 3721 3526 2362 3563 3551 3778 3778 3803 3781 3899 

